0.9999833722684026	1.2211036850796586E-5
0.9960288925740328	0.0019914336981134598
0.9920792860571479	0.00397140095907528
0.9881193758145905	0.005962611584098957
0.9842043098211186	0.007932497617042265
0.9803078546929698	0.009898967590359341
0.9764281747600346	0.011860140636263818
0.9725744274946648	0.013812069233971488
0.9687524937565235	0.0157511005753958
0.9649457679717974	0.017686926860525778
0.961184998345431	0.01960303608767068
0.9574010886870694	0.021532490339830027
0.9536537112062291	0.02345272013327672
0.9499338945701052	0.0253575983149739
0.9462279112485089	0.027258878959228558
0.9425572872519394	0.02914754751996207
0.9389028062608081	0.031039708135184505
0.9352710329917371	0.032918185605959153
0.9316380005751995	0.0347914461440951
0.9280413573691664	0.036655357308935356
0.9244563044340661	0.03851790286627369
0.920889874315134	0.04037373310648579
0.917349586471255	0.04222169913605432
0.913826439606288	0.04406202816275137
0.9103352814287734	0.04588986262448986
0.9068276560112879	0.047727022207711904
0.9033694940908432	0.04954814883472033
0.8999001085191528	0.05137061702443945
0.8964739590874359	0.0531809174545938
0.8930539471655525	0.05498910179134433
0.8896581381292038	0.05678834301057353
0.8862741886137252	0.0585836136725785
0.8829103801001659	0.06037188532272468
0.8795622455847343	0.06215511384893368
0.8762374756186646	0.06392896189475882
0.8729161515489727	0.06570381292980755
0.8696121940584495	0.06747271173648652
0.8663424799613011	0.06922891973138677
0.8630619143782577	0.0709911505484706
0.8598199524756617	0.07274029675232645
0.8565867102670349	0.07448417369663428
0.8533609356181029	0.07622856580699845
0.8501581099181874	0.07796456373331513
0.8469716838094808	0.07969338814352818
0.8437992516155834	0.08142040136790976
0.8406400244504352	0.0831396160772788
0.8374928731953949	0.08485758753456325
0.8343623520996244	0.08656982648301774
0.8312477138668732	0.08827648341695547
0.8281462521276779	0.08997827276199902
0.8250596668346601	0.09167558499450638
0.8219881439677427	0.09336846925682932
0.8189272008930821	0.09505541981494318
0.8158916936767677	0.0967373394025735
0.8128637485538742	0.0984142594953938
0.8098361293915647	0.10009413400025839
0.8068358525961815	0.10176465412739971
0.8038406846029876	0.10343147374692796
0.800867604123699	0.10509272487198486
0.7979023896222864	0.10675021186378875
0.7949536904972909	0.1084027272672845
0.7920095022424826	0.1100540020456251
0.7890854185062866	0.11169831881899009
0.7861710310866049	0.11334030216320554
0.7832711995156538	0.11497835328951718
0.7803871608617023	0.11660992146419266
0.7775128826553767	0.11823733914891618
0.7746489298881019	0.11986171610695767
0.771791746983622	0.12148731774268919
0.7689518284768602	0.12310618053159875
0.7661212044642586	0.12471977803099342
0.7633053791796469	0.12632971143789906
0.7605042951808567	0.12793421018395623
0.7577126699517724	0.12953736518402756
0.7549260114000039	0.13113839103997846
0.7521560853334135	0.1327339135449969
0.7493929051444923	0.13432759276834463
0.7466453892955782	0.13591675416378096
0.7439074494536343	0.1375013944339273
0.7411832221976349	0.13908451920954168
0.738476899874652	0.14065642890806215
0.7357626496355852	0.14223719925979397
0.733064915651526	0.14380927988904424
0.7303826158239562	0.14537725157935158
0.7277171140056882	0.1469399059912278
0.7250483740160817	0.1485055181574233
0.7223989327731276	0.15006545508047525
0.7197524367024144	0.1516212083669798
0.7171172585262142	0.1531736328590817
0.7144990449844494	0.15472358831771024
0.7118848202521593	0.1562688856361551
0.7092830325814274	0.15781382835838814
0.7066902295540807	0.15935420682268847
0.7041089068523002	0.16089128835496916
0.7015331711321068	0.16242596117810748
0.6989741725791887	0.16395652616480888
0.6964164785013722	0.16548779461974536
0.6938716852570415	0.1670139431860849
0.6913366401651493	0.16853685215377315
0.6888115095348981	0.17005659544064952
0.6862924705569964	0.17157557632069748
0.6837840542369403	0.17309092953757346
0.6812865850928354	0.17460243273738119
0.6787937006141171	0.17611225433287142
0.6763152300516804	0.17761944024786966
0.6738435160133871	0.17912381525560625
0.6713795142678637	0.18062677360042587
0.668924022242622	0.1821271148709258
0.6664762314382775	0.1836233655095298
0.6640381514215534	0.18511796456347338
0.6616082412875375	0.1866101166285535
0.6591852424355192	0.18809934461016445
0.6567775016351516	0.18958427285713708
0.6543674365369133	0.19107162501134484
0.6519721537907063	0.19255373821899707
0.6495881945975074	0.1940352040369186
0.6472081801208279	0.19551323047218172
0.644835658524363	0.19698786936124602
0.6424728554651407	0.19846015442105006
0.6401148309830978	0.1999316004329117
0.6377671193256701	0.20140097911945695
0.6354277897936832	0.20286696804289092
0.633090111408745	0.2043319603251759
0.6307654367645534	0.20579596494526226
0.628447274083972	0.207255519941676
0.6261377875748302	0.20871526113803188
0.6238338118071755	0.2101705445163915
0.621540515228972	0.2116259202759048
0.619250202215627	0.21307707960256067
0.6169677698300587	0.21452850333698695
0.6146989659719342	0.21597601018908671
0.6124303986904552	0.21742231555198022
0.6101701813868293	0.21886773425290695
0.607920964676091	0.22031201164024816
0.6056734621569515	0.22175136448208033
0.6034362542223624	0.2231914637950156
0.6012041409671695	0.22462850127209244
0.5989785622261122	0.22606443013324926
0.5967613913958084	0.2274981572546396
0.5945541857396918	0.22893028399656365
0.592350331801152	0.23036048756149263
0.5901513275372822	0.23178867141787682
0.587960405279887	0.23321576349711523
0.5857793442093773	0.23464253070704322
0.5835988848122543	0.23606504821665253
0.5814301612342713	0.23748642001227374
0.5792659539469495	0.23890872555213122
0.577106064768428	0.2403265206189709
0.574955258043387	0.24174534987027801
0.5728039767751347	0.2431633526892024
0.5706701258352356	0.2445752133330696
0.5685381575214891	0.24598881691006388
0.5664121676147781	0.24739994245809493
0.5642894761204691	0.2488097826079069
0.5621791413314258	0.25021921962104127
0.5600667348387172	0.2516262377442085
0.5579669836256185	0.25303370011205417
0.5558643160340985	0.2544384307563615
0.5537777162163575	0.2558411116610889
0.5516954565135163	0.2572429434217554
0.5496133647620464	0.25864240340550815
0.5475384991335907	0.26004309404685255
0.5454710129251584	0.2614414456254959
0.5434111382139306	0.2628396405261522
0.5413557719680157	0.26423271283298105
0.5393051398586044	0.26563030243933067
0.5372597465958947	0.26702356217569817
0.5352172294008029	0.2684161124708561
0.5331860999976822	0.26980762991672774
0.5311577749620298	0.27119784816976944
0.5291357582833587	0.2725863932802547
0.5271149810316035	0.27397468852762863
0.5251052700367433	0.2753621232035319
0.5230986483600575	0.27674808902695575
0.5210968948579979	0.27813424801603037
0.5190991750712515	0.279516192950687
0.5171081248913674	0.2809009376655506
0.5151222325112	0.2822833978351473
0.5131401412591708	0.2836637861365157
0.5111645878492691	0.28504380202434615
0.5091951090793032	0.28642453419849606
0.507230431181711	0.28780319252378606
0.5052706262281411	0.2891804075968682
0.5033124656977127	0.2905584487947928
0.5013619303930318	0.29193505459049296
0.499415141594338	0.29330870446824586
0.49747317281692616	0.29468396299249966
0.4955357737933839	0.2960585508958786
0.49360318750145643	0.29743258013805574
0.4916796987710825	0.29880489470257066
0.48975569741068076	0.30017609834196246
0.4878382378140677	0.3015473990715937
0.485927611607303	0.3029185807567595
0.48401944994056395	0.30428859438602385
0.48211508520017987	0.30565686862799435
0.4802151670045267	0.3070259939853731
0.4783222449569677	0.308393187361568
0.4764332507352753	0.3097622398801808
0.47454772205269036	0.3111296531018578
0.4726673427346794	0.3124962545007742
0.47078825916642236	0.3138616379954942
0.46891752573637135	0.31522818042172773
0.46704688801478283	0.3165933069225715
0.4651827778970641	0.31795850534928566
0.463329210448365	0.3193237579568595
0.46147054142113525	0.32068538725176576
0.45962031762778094	0.32204916001432654
0.4577746823316673	0.32341349836129024
0.45593786910257733	0.324774712855498
0.454093891897289	0.32613889561587045
0.4522604813977808	0.3275005862506952
0.4504299399248299	0.3288628680721852
0.4486035111741974	0.3302235975785202
0.4467801747973261	0.3315854435259285
0.44496289217464036	0.33294622738405616
0.4431487611531979	0.33430773838647737
0.44133898584855064	0.335668958288341
0.43953349308399836	0.33702944911638116
0.4377300040026463	0.33838994016203683
0.4359330814832992	0.33975018151277525
0.43413851417410093	0.34110996739344235
0.43234803693457396	0.3424707112608678
0.43056266799165677	0.34383314391754927
0.428776595281183	0.345191269365505
0.42699892840281506	0.3465522371538107
0.4252235200029244	0.3479127603549645
0.4234508580935581	0.3492712429395278
0.4216822279150196	0.35063138892800777
0.41991763400698157	0.3519915104699042
0.4181563355928991	0.3533515423991038
0.4163970422028343	0.3547133004552732
0.414644809352026	0.35607292770539783
0.41289553255037537	0.3574347014786703
0.41114720284546263	0.3587940333362034
0.40940524933496597	0.3601559830656302
0.40766518801353396	0.36151719033288787
0.4059285786890252	0.36287671328436766
0.40419537134901845	0.3642387403992044
0.4024656208088914	0.3656004518372089
0.4007418618072039	0.3669649052902584
0.39901692063610855	0.3683259782150257
0.39729577913501135	0.3696876268581515
0.3955792419576559	0.37105074481381267
0.39386756282812385	0.3724129715936966
0.39215604890616856	0.3737780204560716
0.3904517016339276	0.37514251219119255
0.3887479876718476	0.3765056401040437
0.3870476789842583	0.37787127616420646
0.38535249999168375	0.3792374916413708
0.3836569368573915	0.38060192545407967
0.3819664400117031	0.38196761850550154
0.38027685893423796	0.38333575298188405
0.3785902582886913	0.38470478184964196
0.3769101978082079	0.38607154419919837
0.375234301307903	0.38743869091319266
0.37355768057306793	0.38880802860377445
0.3718843248076269	0.39017848277576217
0.3702161871247928	0.3915481789222934
0.3685470902571842	0.3929209077187239
0.3668887034969581	0.3942883047139946
0.3652252229705264	0.39566322005298615
0.3635693132268854	0.397036837818142
0.36191211954661046	0.3984103691885343
0.36025873388692436	0.39978611230926137
0.35861169377546886	0.4011600131971893
0.356962743442907	0.4025381065538977
0.3553226920504646	0.40391445419651484
0.353677572187661	0.405293729876236
0.352041305159354	0.4066711874796627
0.35040610258637994	0.4080509937679477
0.34877320236708304	0.40943209892621973
0.347142518156287	0.41081369278877583
0.3455156937873672	0.41219588071497604
0.34389039255476583	0.4135800272589472
0.34226834077305035	0.4149646715626566
0.3406486461068673	0.4163505794728401
0.33903174549637843	0.4177373912538655
0.337417162422231	0.41912614792685565
0.3358046766528307	0.420515155618132
0.3341953406691884	0.4219054150067027
0.33258644168491136	0.423298659837762
0.33098419354719566	0.42468965051168167
0.32938051409453556	0.4260849072228794
0.32778094360316173	0.42748016293917473
0.3261819748124659	0.4288782962583314
0.3245904912682796	0.43027356571360076
0.32299783552386646	0.4316727551889341
0.3214071161175406	0.4330739386857772
0.3198206067610518	0.43447500976309905
0.3182348724121846	0.43587887914776396
0.3166472982308834	0.4372875165934893
0.31507087666719635	0.43868999655174384
0.3134917383583025	0.4400984155106158
0.311915808720432	0.4415075106032125
0.3103421074018669	0.4429181746428713
0.30876992526223435	0.44433105097019515
0.30719929182884376	0.44574613090728404
0.3056325602848686	0.44716129593229637
0.304068869352293	0.44857759150480075
0.302505295879293	0.44999723455386376
0.30094393887263954	0.45141870377889515
0.2993832581431212	0.45284249695443923
0.2978281740945655	0.45426596447196266
0.296273479174757	0.4556919756734353
0.29472156289654017	0.4571216324877784
0.2931692926923885	0.4585506674879785
0.29162098209225845	0.4599823409780449
0.2900728167514168	0.4614176849125748
0.28853095614219865	0.46285346568973523
0.28698702211049526	0.46429033723282825
0.28544457499923265	0.4657316400225901
0.28390778567975433	0.4671723378064974
0.28236945530442076	0.4686173084150624
0.28083649335964045	0.4700640499138502
0.2793016659148516	0.47151200276972405
0.2777707948925371	0.47296259503309573
0.2762399171563897	0.47441647683419014
0.27471359072119617	0.4758705153204305
0.2731865270141185	0.47732930392550893
0.27166264148692704	0.4787891268334613
0.27014002285898747	0.4802518312378358
0.26861853185604617	0.48171757551092736
0.2671005864181579	0.48318427329161406
0.2655828198782274	0.48465451494018646
0.26406621659975243	0.4861280614970351
0.2625547849030869	0.4876034029089503
0.26104034926947206	0.48908072477721776
0.2595304041926323	0.49056052895429486
0.25802209061346904	0.49204319174435013
0.25651501104140334	0.4935312713226029
0.25500830432348925	0.495018475186538
0.25350307097776187	0.4965109273128695
0.25200149098085844	0.4980043148313931
0.2504988118845549	0.49950324810766517
0.2490004813538576	0.5010028216317088
0.24750234212936026	0.5025062539376263
0.2460039459217126	0.5040139709442336
0.24450839775241587	0.5055239089823735
0.24301413328282367	0.5070371862146007
0.24152386981491722	0.5085529778001907
0.2400321557986712	0.5100711235904843
0.23854069488346663	0.5115955504176157
0.2370539329592922	0.5131199755023363
0.23556782419908492	0.5146509619868969
0.23408008902368121	0.5161835967886963
0.23259587559717912	0.5177198922021475
0.2311143610788461	0.5192584461196426
0.22963134967700133	0.5208031885929153
0.22814954117981462	0.5223518140737716
0.22667252584850764	0.5239008804745904
0.22519363373010698	0.5254561346682657
0.22371666386627254	0.5270148899724831
0.22224156309743281	0.528577074689711
0.22076776810520898	0.5301450091828268
0.21929429531264286	0.5317134358162072
0.21782112329990194	0.5332888197109027
0.21635008485869997	0.5348679286904361
0.2148797874668801	0.5364508522472995
0.21341116175444907	0.5380375946722775
0.21194014707425463	0.5396322882409217
0.21047529601737108	0.5412259898435531
0.20901074495319788	0.5428274069004871
0.20754320801437903	0.5444327642615533
0.20608179463257692	0.5460420205423223
0.2046180402914788	0.5476546176525117
0.20315495391865665	0.5492747342866158
0.2016935500992034	0.550898828051993
0.20023169466059504	0.5525293150078294
0.19877393490601308	0.5541611766109261
0.19731511853873235	0.5558002202636614
0.19585872350282119	0.5574451003421736
0.19440100125608792	0.559092697051466
0.19294462072573582	0.560747885823254
0.19148854368113757	0.5624078501675748
0.19003348111885388	0.5640735956303969
0.18857832774175604	0.5657458318843734
0.18712738640768053	0.5674202360573036
0.1856747979233972	0.5691021338295161
0.18422269254251478	0.5707904551919416
0.18277123432974404	0.5724844977773752
0.18131945104894465	0.574185679125752
0.17986860728104084	0.575892713850777
0.17842030969596143	0.577603627712405
0.17697216345689398	0.5793218827718452
0.17552359676946444	0.5810465513323408
0.17407569171515813	0.582778126200073
0.17262810515338184	0.5845165342825863
0.1711796194859183	0.5862633332202172
0.1697338866502375	0.5880141941334888
0.16828919020813832	0.5897713594042152
0.16684260063459688	0.5915382168638753
0.16539740235292383	0.5933111354800634
0.16395265337339548	0.5950912588371613
0.16250667875420305	0.5968807630398436
0.16106431876517435	0.598673737819404
0.15961494286028458	0.6004835447016735
0.1581761213976283	0.6022883204140331
0.1567325496959145	0.604107563578964
0.15528894118586917	0.6059347641158233
0.15384594354382305	0.6077700886386239
0.15240253224265204	0.609614280518588
0.15096030217451045	0.6114669350349555
0.1495152728634078	0.613329903581421
0.14807296942953138	0.6151994456574642
0.14663191728511127	0.6170768710709478
0.14518841026425822	0.618965988998689
0.1437454241072695	0.6208642233531761
0.14230094632063114	0.6227739852808086
0.14086015000591906	0.6246885632103101
0.1394167056196843	0.6266164944568745
0.13797491742144008	0.6285548335827069
0.1365312733443353	0.6305010919341458
0.1350880781004034	0.6324589536691815
0.1336441763141097	0.6344284896679796
0.13219988389159418	0.6364089626827448
0.1307550537760794	0.6384012909606576
0.12931051984720504	0.6404042650231614
0.1278667681165152	0.6424173592195018
0.12642162566160256	0.6444438047070042
0.12497598894154753	0.6464830599782219
0.1235289831181332	0.6485350837310243
0.12208114205647483	0.6506008800907059
0.1206346743491589	0.6526769716147837
0.11918675257483526	0.6547676599075616
0.1177398604052535	0.6568695828715121
0.11629092838640562	0.6589874522526107
0.11484029692816305	0.661121063999707
0.11339149886526585	0.6632654716640705
0.11193549817316353	0.6654343886457491
0.11048693544198378	0.6676062689367317
0.10903511496835683	0.6697973550250834
0.107582149169189	0.6720048465414362
0.10612837798002366	0.674229023322716
0.104672814431028	0.6764702481935244
0.10321487032869123	0.6787313215836799
0.1017575525356673	0.6810074372805192
0.10030046352411769	0.683299682291149
0.09884052653657104	0.6856129095165044
0.09737932672327451	0.6879454362021329
0.09591707627408823	0.6902972232990604
0.09445452201189261	0.6926678100819477
0.09298922232865807	0.6950607106526612
0.09152340098308903	0.6974741933628817
0.0900554705084838	0.6999096225073018
0.08858520848880633	0.7023693883693428
0.08711049172603229	0.7048571993212026
0.08564288828729047	0.707354005847211
0.0841661438572824	0.7098880523474039
0.08269352268976196	0.712437259496073
0.08121422100295775	0.7150209885535106
0.07973579819631438	0.7176268014168471
0.07825267040105997	0.72026529609058
0.07677088196584261	0.7229265148683885
0.07528428823884273	0.7256222654838463
0.0737965557070394	0.7283468790157374
0.07230709824781542	0.7311022989730624
0.07081404831704304	0.7338930093134961
0.06931599893342257	0.7367227837568874
0.06782108158692321	0.7395772971948925
0.06631554644279945	0.7424840576697226
0.06481369031888544	0.745416784229311
0.06330235777502131	0.7484025242301365
0.061802418301433196	0.7514011996915311
0.06028868826876253	0.7544645753689518
0.05877636379286605	0.7575637582268758
0.05725511095915106	0.7607217309938067
0.055736512189020364	0.7639163211290703
0.05420825594998001	0.7671754724845615
0.05268030787496485	0.7704802325974425
0.05114724508624203	0.7738445793630327
0.04961118675464034	0.7772664639019469
0.04807171618704189	0.7807523738475073
0.046526015038683324	0.7843032621935517
0.04497660636755299	0.7879253743377925
0.04342153739411338	0.7916238180180566
0.04186198704773765	0.7954001536081522
0.040298728210195776	0.7992596988289152
0.03872799128733738	0.8032078951407252
0.037153206782603296	0.8072505177251073
0.03557021960012472	0.8114015031634658
0.03398010368323544	0.8156652671982974
0.03238813811582454	0.8200351574176736
0.0307889093405056	0.8245345227192903
0.029183380505094073	0.8291707740222414
0.02756880641309929	0.8339636527307579
0.025943652410644828	0.8389318931958075
0.024313164332658746	0.8440754299132546
0.022667238563803496	0.8494458102075342
0.021023463072930036	0.8550075341416086
0.019364185093670445	0.860846994376719
0.017691039906788303	0.8669945930874979
0.01600137894908084	0.8735057122185601
0.014312746368630475	0.8803663859926553
0.012603158004296428	0.8877384991746663
0.01087413163012399	0.8957231918098664
0.009133138925380422	0.9044348463564723
0.007363059238249078	0.9141940462309613
0.0055813794721522	0.9252937011661491
0.0037569333449906095	0.9387085212772134
0.001912388217589045	0.9562715057459705
4.7575916473406935E-6	0.9978212829802465
