0.21086546526657457	0.5495154436768738	
0.14756432529030789	0.6257190120291122	
0.14570263641263076	0.6290413522896754	
0.14570263641263076	0.6290413522896754	
0.15328255279420894	0.6169982759079928	
0.15232141131036547	0.6188475574227732	
0.15279381178223417	0.6177112071757555	
0.15328255279420894	0.6169982759079928	
0.1565919402430763	0.6120412361853304	
0.1528078469510594	0.6186876804694746	
0.15232141131036547	0.6188475574227732	
0.1565919402430763	0.6120412361853304	
0.15994341525781935	0.6098854609190948	
0.15899616955554832	0.6114764630344961	
0.1580513686118109	0.6130154691269446	
0.16650236718535916	0.6012174879349803	
0.15994341525781935	0.6098854609190948	
0.16650236718535916	0.6012174879349803	
0.1711692724668905	0.5969680770286994	
0.17348485745847275	0.5947672167441378	
0.1711692724668905	0.5969680770286994	
0.17755218033803244	0.5884702778989892	
0.17755218033803244	0.5884702778989892	
0.17855842865752225	0.5849494717358373	
0.17836686880655983	0.5853230754640674	
0.17816788887855112	0.5856288611059723	
0.17855842865752225	0.5849494717358373	
0.17836686880655983	0.5853230754640674	
0.1787499885084847	0.5849480478227417	
0.18299552077442188	0.5796977537610704	
0.18635108233289002	0.5751505539687525	
0.18299552077442188	0.5796977537610704	
0.18360721183151357	0.5790428865939868	
0.18970664389135816	0.5722201536325681	
0.19039544435876912	0.5720149969116917	
0.18635108233289002	0.5751505539687525	
0.18970664389135816	0.5722201536325681	
0.19008959883022328	0.5721803634286922	
0.19008959883022328	0.5721803634286922	
0.19797406596245357	0.5647467680603634	
0.1974939428070253	0.565126559123596	
0.1974939428070253	0.565126559123596	
0.1974939428070253	0.5650245667191574	
0.20397993031490244	0.5587219283422539	
0.2041979487040107	0.5574194806871875	
0.2041979487040107	0.5574194806871875	
0.211755051556276	0.5483906648878705	
0.2050700222604437	0.5566579747472112	
0.211755051556276	0.5483906648878705	
0.21153058356934873	0.5501550414541506	
0.2133097561487516	0.5479091266247306	
0.21452526643804726	0.545162028739645	
0.21574077672734288	0.5453002899978383	
0.21086546526657457	0.5495154436768738	
0.21574077672734288	0.5453002899978383	
0.2177749107715299	0.5423436732650152	
0.21452526643804726	0.545162028739645	
0.2177749107715299	0.5423436732650152	
0.22422161839969254	0.536252374891454	
0.22102455510501257	0.5404143082177741	
0.22724797945870745	0.534316501101969	
0.22422161839969254	0.536252374891454	
0.2280188788857889	0.5333071923372085	
0.2289581527432813	0.5326345283728146	
0.23034834098303072	0.5293249516062354	
0.23034834098303072	0.5293249516062354	
0.23267992584089828	0.5268814729115285	
0.23080137812591348	0.5287744265669174	
0.23329370695360643	0.5266739804776008	
0.23481356235208006	0.5256540538682356	
0.23267992584089828	0.5268814729115285	
0.24070429429323148	0.5202501164555478	
0.24070429429323148	0.5202501164555478	
0.24164356815072388	0.5198493725144527	
0.24164356815072388	0.5198493725144527	
0.23793827448091137	0.5231656815383228	
0.246571886809308	0.5155057904758535	
0.246571886809308	0.5155891698034905	
0.26145761870112594	0.5004165852595346	
0.25962799649056284	0.503205385453245	
0.25962799649056284	0.503205385453245	
0.26589840736597997	0.494267747975048	
0.26383116728427225	0.49540309416236245	
0.26289768266573205	0.49623291497132954	
0.26152284610009247	0.49792090005044537	
0.26289768266573205	0.49623291497132954	
0.2649486855534946	0.49393580769473455	
0.26235516072506604	0.49684570477590634	
0.2685922156533449	0.490293191008867	
0.26645716650059115	0.49262390746787577	
0.2722357457531952	0.4863986540000743	
0.2685922156533449	0.490293191008867	
0.2746072993678724	0.4855694672842194	
0.2722357457531952	0.4863986540000743	
0.271459141735758	0.4880759541082453	
0.2717180097415704	0.4872462165011616	
0.2712002737299456	0.4893559868292882	
0.271459141735758	0.4880759541082453	
0.2717180097415704	0.4872462165011616	
0.2655840416177726	0.49300850613157143	
