0.21086546526657457 7.011663788886663E-4 0.0 0.0015017910394032163 0.0014036852561198534 6.229721230866499E-4 1.559361387384687E-4 0.0022380759546759437 1.3751708969987863E-4 6.110691594009655E-4 0.002822244355467104 0.0016848129490893622 8.98916872937268E-4 0.00166434216617948 9.576710756297206E-6 2.333755210982587E-4 0.003552550322826418 9.802234133111899E-4 0.005139868372198021 0.002530139648685196 1.3039290972768035E-4 8.18425240147413E-4 2.8883875607848305E-4 8.656979111907671E-4 0.0035527533172316182 8.193313202043415E-4 3.3164587873905476E-4 4.35201064417449E-4 0.0019398263219601553 3.5551241688474845E-4	
0.14756432529030789 8.960972599236445E-4 0.0035286381000158677 0.001595565759836858 0.0020357018258804266 2.3891540628712439E-4 4.263022984290907E-5 0.0029391491143779098 0.004801482928170999 0.0 5.758409984218638E-4 0.0014513407169879542 0.0 4.5720953953708274E-4 0.0022495828455646474 0.004696207177158192 0.002282638441897261 0.0017557834468208793 0.0 0.0022234523827000686 5.654029350227925E-4 0.0 3.8268859746292804E-4 4.4262987108066403E-4 9.083026718963941E-4 5.50395215409023E-4 0.0 1.4000682235187608E-4 0.003858776520648622 6.775038636381728E-4	
0.14570263641263076 3.637995680819227E-4 0.0038083323738608327 0.0018373755156842844 0.00427363594540373 1.4702107667702617E-5 5.520540663297288E-4 0.003294325091933466 0.004600838777349039 1.1943507053110373E-4 5.827183186512563E-4 0.0020168991093100874 0.0025234597506091075 0.0 0.0035482370483378846 0.0035104256597891115 0.0010490076538599647 0.0015008506132481053 0.0 0.001471716467164881 4.7040737821441866E-4 0.0 3.264661222254167E-4 2.3737441629425454E-4 1.228200256015912E-4 0.0012097118728943063 4.4310404035654394E-4 1.5051281314539965E-4 0.004315134650804701 4.3860365221151307E-4	
0.14570263641263076 3.637995680819227E-4 0.0038083323738608327 0.0018373755156842844 0.00427363594540373 1.4702107667702617E-5 5.520540663297288E-4 0.003294325091933466 0.004600838777349039 1.1943507053110373E-4 5.827183186512563E-4 0.0020168991093100874 0.0025234597506091075 0.0 0.0035482370483378846 0.0035104256597891115 0.0010490076538599647 0.0015008506132481053 0.0 0.001471716467164881 4.7040737821441866E-4 0.0 3.264661222254167E-4 2.3737441629425454E-4 1.228200256015912E-4 0.0012097118728943063 4.4310404035654394E-4 1.5051281314539965E-4 0.004315134650804701 4.3860365221151307E-4	
0.15328255279420894 4.834915432238003E-4 0.002201834121163001 5.426728267413652E-4 0.003761623280802165 1.1945770314356219E-4 4.216576763514749E-4 6.124192618397787E-4 0.0019353674731379025 9.123484696733983E-4 4.638182686551286E-4 0.0023039955765980697 0.003257969248148087 8.238285454526186E-4 0.003606191308334856 0.002348103588579096 7.65416368678697E-4 7.802003666108993E-4 0.0 0.002336658337563098 4.832191039573098E-4 0.0 0.0 2.987091769561128E-4 2.573198694602911E-4 0.0 0.001105822474753047 8.992804741094916E-5 0.0038814835856504325 2.859272152414522E-4	
0.15232141131036547 9.690088113780285E-4 0.0025336101036292505 6.184244102123044E-4 0.002555988889541982 2.848423472045904E-4 1.6100643921018054E-5 0.0022760648996031736 0.002034650610914071 4.7339703913695867E-4 0.001062591330919355 0.001089193316418271 0.0015703741550776092 0.0018610735364310992 0.0017451413941704567 9.851881646707585E-4 0.0026515667440282966 0.0010564335728802396 9.846158694494227E-4 0.002811289300366809 4.6356688613564907E-4 2.2893440165016045E-4 2.217247073798935E-4 4.0577973605806855E-4 0.0016173685094167307 8.817192268217233E-4 3.192948214827782E-4 8.06310296031651E-5 0.0042565070095946875 4.768644371740535E-4	
0.15279381178223417 5.057646569082264E-4 0.0025692597337907096 0.001216189592524048 0.003163212915554353 4.464846636252406E-5 9.772236449780986E-5 0.0038450665548580287 0.003686636724088554 2.2637945367461884E-4 1.6742264334791332E-4 0.001549577914866887 0.0012875335545962886 0.0 0.0017451413941704567 0.002377766654519123 8.449953045507404E-4 0.0015504920071173914 0.0020360863329131436 0.0018075535830975617 3.415522446527048E-4 0.0 2.598479441496889E-4 9.738244310257289E-5 1.2078754661247384E-4 6.009233031929132E-5 0.0 1.0717348572459965E-4 0.004228672499701835 4.823678499353975E-4	
0.15328255279420894 4.834915432238003E-4 0.002201834121163001 5.426728267413652E-4 0.003761623280802165 1.1945770314356219E-4 4.216576763514749E-4 6.124192618397787E-4 0.0019353674731379025 9.123484696733983E-4 4.638182686551286E-4 0.0023039955765980697 0.003257969248148087 8.238285454526186E-4 0.003606191308334856 0.002348103588579096 7.65416368678697E-4 7.802003666108993E-4 0.0 0.002336658337563098 4.832191039573098E-4 0.0 0.0 2.987091769561128E-4 2.573198694602911E-4 0.0 0.001105822474753047 8.992804741094916E-5 0.0038814835856504325 2.859272152414522E-4	
0.1565919402430763 7.860961648718532E-4 0.0015644729860472097 0.0 0.002902799752871291 2.5452782291200606E-4 1.5368096514711957E-4 1.218753037017452E-5 6.522733899204185E-4 0.0010893294539763257 7.037547747891779E-4 0.0018401426801521615 0.002781426450382338 0.0017543653136681682 0.002704643481251142 0.0010854848410199193 0.001566695913762863 5.579918464269665E-4 4.923079347247114E-4 0.0030064447541640615 4.79798857917925E-4 1.1446720082508023E-4 0.0 3.829118368380198E-4 0.0010045941113678608 0.0 0.001043917865316164 5.498715563983189E-5 0.003852169765045426 3.050576077227224E-4	
0.1528078469510594 0.001263866472932613 0.0021596694963053904 1.2274688765494496E-4 0.0011849469162341867 4.4918732710931184E-4 0.0 0.0019409404708454635 0.0015239159875572684 4.8041428315319205E-4 0.0013524857365427934 0.001021100580154484 7.93097898418884E-4 0.0029906423419824874 0.0011247914227823237 0.0030760935618706817 0.00397329581220727 9.067881351849638E-4 8.844045390758496E-4 0.0033923487555305937 5.083741956238028E-4 4.1475276226341103E-4 2.217247073798935E-4 5.453745496831214E-4 0.0020131809796237136 0.0013232141665807547 1.783449291350008E-4 7.04453494433529E-5 0.004003037708023554 4.7780042285331943E-4	
0.15232141131036547 9.690088113780285E-4 0.0025336101036292505 6.184244102123044E-4 0.002555988889541982 2.848423472045904E-4 1.6100643921018054E-5 0.0022760648996031736 0.002034650610914071 4.7339703913695867E-4 0.001062591330919355 0.001089193316418271 0.0015703741550776092 0.0018610735364310992 0.0017451413941704567 9.851881646707585E-4 0.0026515667440282966 0.0010564335728802396 9.846158694494227E-4 0.002811289300366809 4.6356688613564907E-4 2.2893440165016045E-4 2.217247073798935E-4 4.0577973605806855E-4 0.0016173685094167307 8.817192268217233E-4 3.192948214827782E-4 8.06310296031651E-5 0.0042565070095946875 4.768644371740535E-4	
0.1565919402430763 7.860961648718532E-4 0.0015644729860472097 0.0 0.002902799752871291 2.5452782291200606E-4 1.5368096514711957E-4 1.218753037017452E-5 6.522733899204185E-4 0.0010893294539763257 7.037547747891779E-4 0.0018401426801521615 0.002781426450382338 0.0017543653136681682 0.002704643481251142 0.0010854848410199193 0.001566695913762863 5.579918464269665E-4 4.923079347247114E-4 0.0030064447541640615 4.79798857917925E-4 1.1446720082508023E-4 0.0 3.829118368380198E-4 0.0010045941113678608 0.0 0.001043917865316164 5.498715563983189E-5 0.003852169765045426 3.050576077227224E-4	
0.15994341525781935 0.0013927505319112014 4.931026374658225E-4 0.0 0.0011931184249064984 4.5080541725634415E-4 7.684048257355978E-5 0.0 0.0 0.001265286151717951 0.001804764993786915 0.0010003814933198525 0.0025803600728194947 0.004905936630270733 7.899260292344091E-4 4.6067558615779116E-4 0.005582699490204556 0.0 0.0016803316766229662 0.004368293127677853 4.3705778737187427E-4 6.793627438076567E-4 0.0 5.668878718630279E-4 0.002843413878630698 0.0014344260344621089 0.0012296946705284363 0.0 0.004071864923909422 1.9172557450316746E-4	
0.15899616955554832 7.051473770019771E-4 8.62000152917831E-4 0.0011955303646234874 0.001548640058612689 1.7907148624736675E-4 1.6324344115358362E-4 0.0040807351378227275 0.0033039722263489666 4.6679339538170444E-4 6.211295439106364E-4 0.001511629640218246 0.0010205145958751267 3.5514637297960725E-4 0.0 0.004241136926279901 0.0031728565604716473 0.0010459096920233518 0.0039793209057259775 0.0025537736938226244 2.073161732589246E-4 1.8561636347874856E-4 7.62464735395907E-5 3.1324642374587456E-5 0.004696611057395643 4.527793247476224E-4 6.801661188385257E-6 5.3968788777698806E-5 0.00409162987561278 2.891038075911539E-4	
0.1580513686118109 0.0016316356859415813 7.907008925949128E-4 0.0 3.341920065879463E-4 6.594592479314994E-4 0.0 9.427318273130167E-4 0.0 9.608285663063841E-4 0.0021291304746637227 5.908604433210137E-4 0.001586195796837768 0.005524075144427892 0.0 0.0014559799465831723 0.00678599943942676 5.779282354904827E-5 0.0018763799787985353 0.004561245128361119 4.5134545622481316E-4 8.295055245268221E-4 0.0 6.481192282855788E-4 0.0033477073127586247 0.0020960331177524863 7.969082024378547E-4 8.838765348297127E-7 0.004147298895398486 2.7809698206846597E-4	
0.16650236718535916 0.0011476564692704215 0.0023865645900030667 6.794753624141949E-4 0.0022797300908053266 5.6598803435992E-4 9.032733119556267E-4 0.0017368849804337276 5.318128247739763E-4 0.0016704953103077245 0.0016774311141230646 0.0013881076639678512 0.003655062165824903 0.003775393400455471 7.935635913140843E-4 5.334217125682197E-4 0.0023923712696676327 2.2707199441945196E-5 0.0013456071353481918 0.0033112242878292064 2.593655398508961E-4 2.646099815442457E-4 1.3603898219686808E-6 2.7712075619366796E-4 0.0018129819796216873 6.945075484243993E-4 8.31240569309509E-4 1.270907500153842E-4 0.002154158306277582 2.570092396748778E-4	
0.15994341525781935 0.0013927505319112014 4.931026374658225E-4 0.0 0.0011931184249064984 4.5080541725634415E-4 7.684048257355978E-5 0.0 0.0 0.001265286151717951 0.001804764993786915 0.0010003814933198525 0.0025803600728194947 0.004905936630270733 7.899260292344091E-4 4.6067558615779116E-4 0.005582699490204556 0.0 0.0016803316766229662 0.004368293127677853 4.3705778737187427E-4 6.793627438076567E-4 0.0 5.668878718630279E-4 0.002843413878630698 0.0014344260344621089 0.0012296946705284363 0.0 0.004071864923909422 1.9172557450316746E-4	
0.16650236718535916 0.0011476564692704215 0.0023865645900030667 6.794753624141949E-4 0.0022797300908053266 5.6598803435992E-4 9.032733119556267E-4 0.0017368849804337276 5.318128247739763E-4 0.0016704953103077245 0.0016774311141230646 0.0013881076639678512 0.003655062165824903 0.003775393400455471 7.935635913140843E-4 5.334217125682197E-4 0.0023923712696676327 2.2707199441945196E-5 0.0013456071353481918 0.0033112242878292064 2.593655398508961E-4 2.646099815442457E-4 1.3603898219686808E-6 2.7712075619366796E-4 0.0018129819796216873 6.945075484243993E-4 8.31240569309509E-4 1.270907500153842E-4 0.002154158306277582 2.570092396748778E-4	
0.1711692724668905 0.0011414475606600213 0.004577624797669402 0.0013589507248283898 0.0025074153383856028 8.89824482138651E-4 0.0016528656587641338 0.004416501788180472 0.0010636256495479527 0.0017712468834859313 0.0018744627153360217 0.0013663127846170113 0.0037355999828485842 0.003262988684797369 7.275124159350499E-6 0.0016014721994040294 0.005377764601895634 1.0320722243293866E-4 0.0012069308962489869 0.0024471074486638257 9.59609611828568E-5 0.0 2.7207796439373616E-6 6.85849969468589E-5 0.0012868435147406032 6.161961456770673E-4 0.0 2.550653765655981E-4 3.1188566013480665E-4 4.086643124118867E-4	
0.17348485745847275 0.00144174129243758 0.005394684849411498 0.0014176211990504627 0.0029298643570814437 0.004014432302094417 0.0020088131608711453 0.005351510766889835 0.0010623016812253742 8.005075551070414E-4 0.0016162817681385686 0.001459729707040698 0.004753673963024922 0.004110400387299954 9.312158923968639E-6 0.0012421943820826455 0.0030569618195277993 2.909401863115405E-5 0.0 0.003074102436289089 0.0 9.677654430711752E-6 0.0 6.400443561552927E-6 6.242723934508777E-4 6.161961456770673E-4 0.0 2.692599170004171E-4 3.4184657347481346E-4 2.3323012817946028E-4	
0.1711692724668905 0.0011414475606600213 0.004577624797669402 0.0013589507248283898 0.0025074153383856028 8.89824482138651E-4 0.0016528656587641338 0.004416501788180472 0.0010636256495479527 0.0017712468834859313 0.0018744627153360217 0.0013663127846170113 0.0037355999828485842 0.003262988684797369 7.275124159350499E-6 0.0016014721994040294 0.005377764601895634 1.0320722243293866E-4 0.0012069308962489869 0.0024471074486638257 9.59609611828568E-5 0.0 2.7207796439373616E-6 6.85849969468589E-5 0.0012868435147406032 6.161961456770673E-4 0.0 2.550653765655981E-4 3.1188566013480665E-4 4.086643124118867E-4	
0.17755218033803244 0.0012384779037387403 0.004682938827268253 0.001281296879054918 0.0032285162664627024 0.0 0.0015208571434914382 0.004785365322210836 0.0012549862208441978 9.89824975739561E-4 0.001789137524564642 0.002443285510973648 0.003199757634126642 0.0028200714857605546 6.984119192976479E-6 8.281295880550971E-4 0.0030559177979155626 3.06670233008234E-5 5.026604007198525E-4 0.002616129698962834 1.2263048656497184E-4 2.5781752023130956E-4 0.0 4.266962374368618E-6 4.382232459599429E-5 4.29654329096248E-4 2.5794806026010943E-4 2.954845677971922E-4 0.002214616285092756 2.3416757768123057E-4	
0.17755218033803244 0.0012384779037387403 0.004682938827268253 0.001281296879054918 0.0032285162664627024 0.0 0.0015208571434914382 0.004785365322210836 0.0012549862208441978 9.89824975739561E-4 0.001789137524564642 0.002443285510973648 0.003199757634126642 0.0028200714857605546 6.984119192976479E-6 8.281295880550971E-4 0.0030559177979155626 3.06670233008234E-5 5.026604007198525E-4 0.002616129698962834 1.2263048656497184E-4 2.5781752023130956E-4 0.0 4.266962374368618E-6 4.382232459599429E-5 4.29654329096248E-4 2.5794806026010943E-4 2.954845677971922E-4 0.002214616285092756 2.3416757768123057E-4	
0.17855842865752225 0.0 6.387588593629529E-4 0.0 0.0043991516975300845 9.527310722774144E-5 1.1155997075203074E-4 0.0024485548213743114 0.002874427607600995 0.0013767240915413584 4.0916435547043743E-4 5.263035228138918E-4 4.968153670392574E-4 8.893913107423529E-4 0.0 0.006425590850346823 0.00321764083530175 3.93177877907811E-4 0.0013252740616548934 7.229636152595059E-4 8.043147730874126E-4 2.797215905237467E-4 0.0 0.0 2.6390766808516945E-4 3.754726431567706E-4 1.9037047328402632E-4 7.426123262466172E-6 0.0020580250061064623 3.3675880289617814E-4	
0.17836686880655983 0.0 7.140653650996563E-4 0.0 0.0043511038207811915 1.2125668192621637E-4 0.0 0.0014634041108601177 0.0028681478113898136 0.0018739267028880686 0.0 2.6978387861828902E-5 6.624204893856766E-4 0.0011756369781976152 0.0 0.00799113832597672 0.003949902295660909 4.7643445493583745E-4 7.718418234486764E-4 0.001383338863008138 7.305897180571888E-4 1.5949100997221662E-4 0.0 0.0 5.341066461971332E-4 5.641165314934518E-4 2.0764949089802496E-5 0.0 0.0010004884136516573 4.224264250998032E-4	
0.17816788887855112 0.0 0.001319622303756413 0.0 0.00409043072804313 1.2125668192621637E-4 5.5736765499496416E-5 0.0013012177504435432 0.0016414043275878123 0.002822560320787397 0.0 4.3647386571930564E-5 7.570519878693447E-4 0.0013654810524948218 0.0 0.00801879241920599 0.004438270486099115 4.653563764511489E-4 2.198679135729663E-4 0.0016186654220761852 5.463298170959123E-4 3.5595071836599403E-4 0.0 0.0 0.0012429505189900706 6.17496175727763E-4 0.0 0.0 3.76033787232383E-5 4.633664359769021E-4	
0.17855842865752225 0.0 6.387588593629529E-4 0.0 0.0043991516975300845 9.527310722774144E-5 1.1155997075203074E-4 0.0024485548213743114 0.002874427607600995 0.0013767240915413584 4.0916435547043743E-4 5.263035228138918E-4 4.968153670392574E-4 8.893913107423529E-4 0.0 0.006425590850346823 0.00321764083530175 3.93177877907811E-4 0.0013252740616548934 7.229636152595059E-4 8.043147730874126E-4 2.797215905237467E-4 0.0 0.0 2.6390766808516945E-4 3.754726431567706E-4 1.9037047328402632E-4 7.426123262466172E-6 0.0020580250061064623 3.3675880289617814E-4	
0.17836686880655983 0.0 7.140653650996563E-4 0.0 0.0043511038207811915 1.2125668192621637E-4 0.0 0.0014634041108601177 0.0028681478113898136 0.0018739267028880686 0.0 2.6978387861828902E-5 6.624204893856766E-4 0.0011756369781976152 0.0 0.00799113832597672 0.003949902295660909 4.7643445493583745E-4 7.718418234486764E-4 0.001383338863008138 7.305897180571888E-4 1.5949100997221662E-4 0.0 0.0 5.341066461971332E-4 5.641165314934518E-4 2.0764949089802496E-5 0.0 0.0010004884136516573 4.224264250998032E-4	
0.1787499885084847 0.0 0.0014292405647944777 2.6637456306777084E-4 0.004447199574278977 6.92895325292665E-5 2.2311994150406148E-4 0.003433705531888505 0.001753737637385165 0.001711144656197142 8.183287109408749E-4 0.0010256286577659548 3.312102446928383E-4 6.031456432870905E-4 0.0 0.004860043374716926 0.002485379374942591 3.099213008797845E-4 0.0018787062998611103 1.4289650563752382E-4 8.780398281176366E-4 3.9995217107527674E-4 0.0 0.0 5.946842895715802E-4 1.8682875482008935E-4 3.599759974782502E-4 1.4852246524932344E-5 0.003115561598561267 2.510911806925531E-4	
0.18299552077442188 0.0 0.001474271077643829 9.989046115041406E-5 0.004175342840493186 1.0176900090236017E-4 1.289561000323639E-4 0.0020704907259072956 0.0016648217467540088 0.0024277189044217074 0.0 4.1501580052783377E-4 5.260954200138356E-4 0.001115201037972649 0.0 0.00683944667000308 0.003797505355122582 4.049910833960082E-4 7.384372003293246E-4 0.001325063669829458 6.361723397988197E-4 5.415921017885006E-4 0.0 0.0 0.0010200759841821172 2.568990587634868E-4 1.3109757110000588E-4 8.611984170833794E-7 6.194645419731583E-4 1.1901529858104404E-4	
0.18635108233289002 4.6903063533677034E-4 0.0020487057815801557 5.524304586281277E-4 0.0031173115545906844 5.413244728848945E-5 2.3595558775344358E-4 0.0038428115367631975 0.001655548515354718 0.0015405579590145792 4.308269576990672E-4 0.0013339179226712202 2.778046526148341E-4 6.299681631165858E-4 5.820099327480399E-7 7.278639775883172E-4 0.00255676938413875 2.500460924936496E-4 0.0016380684058166159 7.642548703828223E-4 7.329474613206309E-4 6.873014225431735E-4 0.0 0.0 5.471837478923841E-4 1.3278757756436758E-4 4.3771500106237407E-4 1.8215807408364422E-4 0.0031413450294774047 7.945682762193365E-5	
0.18299552077442188 0.0 0.001474271077643829 9.989046115041406E-5 0.004175342840493186 1.0176900090236017E-4 1.289561000323639E-4 0.0020704907259072956 0.0016648217467540088 0.0024277189044217074 0.0 4.1501580052783377E-4 5.260954200138356E-4 0.001115201037972649 0.0 0.00683944667000308 0.003797505355122582 4.049910833960082E-4 7.384372003293246E-4 0.001325063669829458 6.361723397988197E-4 5.415921017885006E-4 0.0 0.0 0.0010200759841821172 2.568990587634868E-4 1.3109757110000588E-4 8.611984170833794E-7 6.194645419731583E-4 1.1901529858104404E-4	
0.18360721183151357 0.0 0.0015258206689396344 1.3318728153388542E-4 0.004203646877976538 9.527310722774144E-5 1.5336254487665306E-4 0.00232691505106188 0.0016726275531427411 0.002296105098966478 4.605432559067228E-5 5.388052718464681E-4 4.96581534798003E-4 0.001031774366465258 0.0 0.006446331420268776 0.0035839169781304047 3.848693190442946E-4 9.112936292481107E-4 0.0012271964190805488 6.661198473664554E-4 6.034725629293363E-4 0.0 0.0 9.457844725794661E-4 2.4822296239823845E-4 1.7479676146667448E-4 3.6594080386531723E-6 0.0010223954497979382 1.4952447609105574E-4	
0.18970664389135816 9.380612706735407E-4 0.0026231404855164824 0.0010049704561058412 0.002059280268688183 6.495893674618734E-6 3.4295507547452326E-4 0.005615132347619099 0.0016462752839554273 6.533970136074513E-4 8.616539153981344E-4 0.002252820044814607 2.9513885215832656E-5 1.447352882605227E-4 1.1640198654960798E-6 0.0011106284648723214 0.001316033413154918 9.510110159129099E-5 0.0025376996113039073 2.0344607093618653E-4 8.29722582842442E-4 8.330107432978464E-4 0.0 0.0 7.429151160265112E-5 8.676096365248378E-6 7.443324310247423E-4 3.6345494975020506E-4 0.005663225516981651 3.989835666282326E-5	
0.19039544435876912 1.6711795896980758E-4 9.208393833772897E-4 0.0 0.004797604504402961 3.624056649437021E-4 0.0 0.0014202234551590272 0.0014590834732566653 6.230820283677392E-4 0.0031380895454722756 0.0011433625053190294 0.0 6.579387223894792E-4 1.4703735290444442E-7 0.002765561817433321 0.00147913126517645 1.6272531448724355E-4 0.003873263332451845 2.902776417891264E-4 9.054302414813441E-4 0.0012729633839924281 0.0 1.0491512511519942E-4 0.002228168003933781 0.0011427175094336696 6.48809493753999E-4 1.758133214977793E-4 0.004482451555050702 2.0004257307016616E-4	
0.18635108233289002 4.6903063533677034E-4 0.0020487057815801557 5.524304586281277E-4 0.0031173115545906844 5.413244728848945E-5 2.3595558775344358E-4 0.0038428115367631975 0.001655548515354718 0.0015405579590145792 4.308269576990672E-4 0.0013339179226712202 2.778046526148341E-4 6.299681631165858E-4 5.820099327480399E-7 7.278639775883172E-4 0.00255676938413875 2.500460924936496E-4 0.0016380684058166159 7.642548703828223E-4 7.329474613206309E-4 6.873014225431735E-4 0.0 0.0 5.471837478923841E-4 1.3278757756436758E-4 4.3771500106237407E-4 1.8215807408364422E-4 0.0031413450294774047 7.945682762193365E-5	
0.18970664389135816 9.380612706735407E-4 0.0026231404855164824 0.0010049704561058412 0.002059280268688183 6.495893674618734E-6 3.4295507547452326E-4 0.005615132347619099 0.0016462752839554273 6.533970136074513E-4 8.616539153981344E-4 0.002252820044814607 2.9513885215832656E-5 1.447352882605227E-4 1.1640198654960798E-6 0.0011106284648723214 0.001316033413154918 9.510110159129099E-5 0.0025376996113039073 2.0344607093618653E-4 8.29722582842442E-4 8.330107432978464E-4 0.0 0.0 7.429151160265112E-5 8.676096365248378E-6 7.443324310247423E-4 3.6345494975020506E-4 0.005663225516981651 3.989835666282326E-5	
0.19008959883022328 1.6711795896980758E-4 8.95064587729387E-4 0.0 0.004783452485661284 3.6565361178101145E-4 0.0 0.001292011292581735 0.0014551805700622992 6.888889310953539E-4 0.0031150623826769397 0.0010814677696597123 1.4756942607916301E-5 6.996520581431748E-4 1.4703735290444442E-7 0.0029621194423004728 0.0015859254536725387 1.7278619666310035E-4 0.0037868351179924523 3.3921126716358104E-4 8.904564876975262E-4 5.721008208689803E-4 0.0 1.0491512511519942E-4 0.002265313759735106 0.0011470555576162938 6.269598985706648E-4 1.744142166869944E-4 0.004280986101138312 1.847879843151603E-4	
0.19008959883022328 1.6711795896980758E-4 8.95064587729387E-4 0.0 0.004783452485661284 3.6565361178101145E-4 0.0 0.001292011292581735 0.0014551805700622992 6.888889310953539E-4 0.0031150623826769397 0.0010814677696597123 1.4756942607916301E-5 6.996520581431748E-4 1.4703735290444442E-7 0.0029621194423004728 0.0015859254536725387 1.7278619666310035E-4 0.0037868351179924523 3.3921126716358104E-4 8.904564876975262E-4 5.721008208689803E-4 0.0 1.0491512511519942E-4 0.002265313759735106 0.0011470555576162938 6.269598985706648E-4 1.744142166869944E-4 0.004280986101138312 1.847879843151603E-4	
0.19797406596245357 0.0 5.6941311222722096E-6 0.0 0.0011862612450954857 5.127495166493638E-4 0.0 0.0014816515948506601 0.0013216344086905832 0.003648824367925369 0.0016482051337913936 0.0014217288155966084 0.0012689645957270515 0.0018603348025401669 0.0 0.0018885657665673678 0.006317508599133057 0.0 0.0025824942951022892 0.003729184491330699 7.548102299586321E-4 3.2721188617601993E-4 0.0 0.0 0.005182268484143961 0.003844930359811343 0.0 1.5975518167260033E-4 4.2263047913431405E-4 5.543038359729713E-4	
0.1974939428070253 1.2700968855259816E-4 0.0 0.0 0.0011634544550237617 4.8367394881741407E-4 2.623498698856863E-4 0.001595692515960036 0.0014787016642235462 0.004060845840329583 2.305365090891861E-4 5.517493885607254E-4 0.0010043066442434352 0.0012248699906489266 0.0 0.002292247500137792 0.006185885475519376 0.0 0.002825921072895696 0.003533780567678723 2.307151280247965E-4 6.051601673567053E-4 0.0 2.464842129724591E-4 0.005804175646909711 0.004274299161000677 1.863277326520034E-5 1.792965382983489E-5 6.754783793951938E-4 5.499829396940997E-4	
0.1974939428070253 1.2700968855259816E-4 0.0 0.0 0.0011634544550237617 4.8367394881741407E-4 2.623498698856863E-4 0.001595692515960036 0.0014787016642235462 0.004060845840329583 2.305365090891861E-4 5.517493885607254E-4 0.0010043066442434352 0.0012248699906489266 0.0 0.002292247500137792 0.006185885475519376 0.0 0.002825921072895696 0.003533780567678723 2.307151280247965E-4 6.051601673567053E-4 0.0 2.464842129724591E-4 0.005804175646909711 0.004274299161000677 1.863277326520034E-5 1.792965382983489E-5 6.754783793951938E-4 5.499829396940997E-4	
0.1974939428070253 1.7330087723496082E-4 0.0 0.0 0.0011634544550237617 4.8367394881741407E-4 0.0 0.0016364336909128027 0.0014787016642235462 0.004060845840329583 2.305365090891861E-4 5.517493885607255E-4 0.0010043066442434352 0.0012248699906489266 0.0 0.002292247500137792 0.006185885475519376 0.0 0.002825921072895696 0.0035337805676787233 2.3071512802479654E-4 6.051601673567053E-4 0.0 0.0 0.005804175646909711 0.004274299161000677 1.863277326520034E-5 1.792965382983489E-5 6.754783793951938E-4 5.499829396940997E-4	
0.20397993031490244 7.079562741783565E-4 0.0 0.0 1.6045740908646829E-4 3.860427124035092E-4 0.0010493994795427453 1.8333528728744955E-4 5.527669106388067E-4 0.0025002787639704822 1.1464600432460685E-4 1.6761404655722028E-5 9.445510044375174E-4 8.052690116876241E-4 2.1113774226453962E-4 0.003030052759025984 0.007395528879013228 0.0 0.004419214263359483 0.002943005857000968 2.0788640009249522E-4 1.9538179538048582E-4 4.2550781874964835E-5 0.005327581563904959 0.006956906484353314 0.004361402157984082 0.0 1.9198938374501368E-4 1.422269438967449E-4 2.4516558162347273E-4	
0.2041979487040107 7.079562741783565E-4 0.0 0.0 1.534157889839518E-4 3.913953759882446E-4 0.0010493994795427453 1.6296469981106623E-4 5.233168002263761E-4 0.002457120062086851 3.0206178912325714E-4 1.6761404655722028E-5 9.829421782737882E-4 0.0013821113918434202 2.2121850727458418E-4 0.0026660682860190753 0.007395528879013228 0.0 0.004444208805046018 0.002999762638704162 2.3918595114917336E-4 1.6480355826544417E-4 4.60553807148487E-5 5.520527184674324E-4 0.006897587310189851 0.0038479626626236278 0.0 7.111814539122162E-4 1.264239501304399E-4 2.474661050817729E-4	
0.2041979487040107 7.079562741783565E-4 0.0 0.0 1.534157889839518E-4 3.913953759882446E-4 0.0010493994795427453 1.6296469981106623E-4 5.233168002263761E-4 0.002457120062086851 3.0206178912325714E-4 1.6761404655722028E-5 9.829421782737882E-4 0.0013821113918434202 2.2121850727458418E-4 0.0026660682860190753 0.007395528879013228 0.0 0.004444208805046018 0.002999762638704162 2.3918595114917336E-4 1.6480355826544417E-4 4.60553807148487E-5 5.520527184674324E-4 0.006897587310189851 0.0038479626626236278 0.0 7.111814539122162E-4 1.264239501304399E-4 2.474661050817729E-4	
0.211755051556276 6.105387663007575E-4 0.0 0.0017512217526430198 0.0014691462702623728 6.931217813580151E-4 1.598930767102589E-4 0.0024150788491828926 1.1237664905674183E-4 4.130831799930468E-4 0.002996942108385879 0.001600519477368867 8.474496102599999E-4 0.0015738178662159487 0.0 5.1317937258527676E-5 0.0029742781594275765 9.869889057378563E-4 0.0055842952047351 0.002481571786539908 1.5484193039010807E-4 9.436143060764734E-4 3.261668503265083E-4 9.591204609641834E-4 0.0030915273891560765 0.0 4.533245311991213E-4 3.9328073183415754E-4 0.002375587733720902 3.728626027933109E-4	
0.2050700222604437 8.005386515430818E-4 0.0 0.0 1.2524930857388576E-4 4.1280603032718623E-4 5.246997397713726E-4 8.148234990553306E-5 4.055163585766539E-4 0.0022844852545523256 0.0010517249283178583 0.001013169571441487 0.0011365068736188715 0.001492486975863718 2.6154156731476234E-4 0.0012101303939914408 0.007515301652144323 0.003409297600064143 0.004544186971792159 0.00322678976551694 3.6438415537588597E-4 4.2490609805277544E-5 6.007377607438415E-5 5.908429252251418E-5 0.006660310613536001 0.0017942046811818104 0.0 7.581834883107556E-4 6.321197506521995E-5 2.566681989149735E-4	
0.211755051556276 6.105387663007575E-4 0.0 0.0017512217526430198 0.0014691462702623728 6.931217813580151E-4 1.598930767102589E-4 0.0024150788491828926 1.1237664905674183E-4 4.130831799930468E-4 0.002996942108385879 0.001600519477368867 8.474496102599999E-4 0.0015738178662159487 0.0 5.1317937258527676E-5 0.0029742781594275765 9.869889057378563E-4 0.0055842952047351 0.002481571786539908 1.5484193039010807E-4 9.436143060764734E-4 3.261668503265083E-4 9.591204609641834E-4 0.0030915273891560765 0.0 4.533245311991213E-4 3.9328073183415754E-4 0.002375587733720902 3.728626027933109E-4	
0.21153058356934873 0.0010378799577723452 0.0 4.988614264796069E-4 0.0015744825645126856 5.842924867172771E-4 7.91387594358041E-6 0.0018078495250866563 1.2954156679305877E-4 9.239345705702874E-4 0.0031204005309547833 0.0015230850864899077 9.93558755157067E-4 0.002115723659131383 3.9400871727379846E-4 4.986402179184483E-4 0.004582496128185388 8.594139936977976E-5 0.006767208932815325 0.003064420308903362 5.611102412741253E-4 5.334484338749561E-4 1.7328536098056666E-4 0.0010903655941087356 0.005506050231165108 0.0020391267377641 5.922432065234705E-4 9.761642189010287E-4 7.222948091258627E-4 2.328036571391303E-4	
0.2133097561487516 8.566247325965276E-4 0.0 9.977228529592138E-4 0.0017054045927977243 7.245918032600076E-4 1.582775188716082E-5 0.002161855314100554 7.926068550678518E-5 5.279626117544499E-4 0.0034697960367923338 0.0013544981430489173 8.906242298025308E-4 0.0019346750592043208 3.7485529576120405E-4 1.345250502389863E-4 0.0034259518013877045 9.947238422311249E-5 0.007656062597889483 0.002967284584612786 6.100082825989808E-4 7.838265657330767E-4 2.479415494766171E-4 0.0012772106936555683 0.0045835983750140245 4.004640973554168E-4 8.356005114436037E-4 8.923235537344458E-4 0.001593817632647356 2.6750402895625515E-4	
0.21452526643804726 5.651137341032594E-4 4.675470128313591E-5 0.001623727431153146 0.0017008680511509675 7.741687257493753E-4 1.3445840992106875E-4 0.002642992165388645 5.450203434169198E-5 2.859068606311246E-4 0.0034693145041307075 0.001239420154715639 6.792382817097508E-4 0.001370582342242621 3.6983750165122233E-4 8.580582886658182E-4 0.0022223307455660644 1.502535909492814E-4 0.0027600813569448063 0.0021892705940803844 7.351578805610749E-4 0.0013426753399970015 4.266846670390127E-4 0.0011500567996038118 0.0030123861696552917 2.002320486777084E-4 0.0011156188535588133 6.718738106009483E-4 0.0027414344214689154 3.7227828507203594E-4	
0.21574077672734288 2.736027356099914E-4 9.350940256627182E-5 0.0022497320093470777 0.0016963315095042109 8.237456482387431E-4 2.530890679549767E-4 0.003124129016676736 2.9743383176598784E-5 4.385110950779923E-5 0.003468832971469081 0.0011243421663823605 4.678523336169708E-4 8.06489625280921E-4 3.648197075412406E-4 0.0015815915270926502 0.0010187096897444248 2.0103479767545032E-4 0.009926592683531132 0.0014112566035479831 8.603074785231689E-4 0.0019015241142609264 6.054277846014083E-4 0.0010229029055520552 0.0014411739642965589 0.0 0.0013956371956740231 4.5142406746745086E-4 0.0038890512102904744 4.770525411878167E-4	
0.21086546526657457 7.011663788886663E-4 0.0 0.0015017910394032163 0.0014036852561198534 6.229721230866499E-4 1.559361387384687E-4 0.0022380759546759437 1.3751708969987863E-4 6.110691594009655E-4 0.002822244355467104 0.0016848129490893622 8.98916872937268E-4 0.00166434216617948 9.576710756297206E-6 2.333755210982587E-4 0.003552550322826418 9.802234133111899E-4 0.005139868372198021 0.002530139648685196 1.3039290972768035E-4 8.18425240147413E-4 2.8883875607848305E-4 8.656979111907671E-4 0.0035527533172316182 8.193313202043415E-4 3.3164587873905476E-4 4.35201064417449E-4 0.0019398263219601553 3.5551241688474845E-4	
0.21574077672734288 2.736027356099914E-4 9.350940256627182E-5 0.0022497320093470777 0.0016963315095042109 8.237456482387431E-4 2.530890679549767E-4 0.003124129016676736 2.9743383176598784E-5 4.385110950779923E-5 0.003468832971469081 0.0011243421663823605 4.678523336169708E-4 8.06489625280921E-4 3.648197075412406E-4 0.0015815915270926502 0.0010187096897444248 2.0103479767545032E-4 0.009926592683531132 0.0014112566035479831 8.603074785231689E-4 0.0019015241142609264 6.054277846014083E-4 0.0010229029055520552 0.0014411739642965589 0.0 0.0013956371956740231 4.5142406746745086E-4 0.0038890512102904744 4.770525411878167E-4	
0.2177749107715299 8.700498589943299E-4 7.168385397378283E-4 0.0013105495571684054 0.002722261200564172 0.0011325952135373832 6.722920496053437E-5 0.0024481316210499117 1.2379840924628947E-4 5.923048376960509E-4 0.003316525910516582 0.0020522067786107323 6.816068171358819E-4 6.852911711213105E-4 0.0020978582609194746 7.400635075193998E-4 0.0016358403813504308 2.894683844292524E-4 0.004221050733460637 0.0013819682924686718 8.099767445399401E-4 0.0011685730547400992 5.655140078989446E-4 0.0013266565656726206 0.0015061930848276458 0.0012930465870134697 8.544520053628192E-4 5.855706928270523E-4 0.002315498490475882 3.1185501691652286E-4	
0.21452526643804726 5.651137341032594E-4 4.675470128313591E-5 0.001623727431153146 0.0017008680511509675 7.741687257493753E-4 1.3445840992106875E-4 0.002642992165388645 5.450203434169198E-5 2.859068606311246E-4 0.0034693145041307075 0.001239420154715639 6.792382817097508E-4 0.001370582342242621 3.6983750165122233E-4 8.580582886658182E-4 0.0022223307455660644 1.502535909492814E-4 0.0027600813569448063 0.0021892705940803844 7.351578805610749E-4 0.0013426753399970015 4.266846670390127E-4 0.0011500567996038118 0.0030123861696552917 2.002320486777084E-4 0.0011156188535588133 6.718738106009483E-4 0.0027414344214689154 3.7227828507203594E-4	
0.2177749107715299 8.700498589943299E-4 7.168385397378283E-4 0.0013105495571684054 0.002722261200564172 0.0011325952135373832 6.722920496053437E-5 0.0024481316210499117 1.2379840924628947E-4 5.923048376960509E-4 0.003316525910516582 0.0020522067786107323 6.816068171358819E-4 6.852911711213105E-4 0.0020978582609194746 7.400635075193998E-4 0.0016358403813504308 2.894683844292524E-4 0.004221050733460637 0.0013819682924686718 8.099767445399401E-4 0.0011685730547400992 5.655140078989446E-4 0.0013266565656726206 0.0015061930848276458 0.0012930465870134697 8.544520053628192E-4 5.855706928270523E-4 0.002315498490475882 3.1185501691652286E-4	
0.22422161839969254 0.0010350937536093355 0.0011649107226732007 6.552747785842027E-4 0.003121915145694168 0.0010311390639364151 2.2683851446734854E-5 0.0023416374719312603 5.957723448590048E-5 6.469612949104185E-4 0.0035429279971473885 0.0020003790278482047 4.8217941958311555E-4 3.968754795888298E-4 0.0048553061228410336 4.5797183864129616E-4 0.0019369926056570696 3.136470270054219E-4 0.005171927791424363 0.0016717688843034726 7.704897053223833E-4 8.112890530046804E-4 6.994722574155043E-4 7.260312757793007E-5 0.0014297981147665373 0.00263792325223411 4.909568388878485E-4 0.0018147252990610796 0.0014256357905263243 1.5592750845826143E-4	
0.22102455510501257 0.0011749859838854004 0.0013869223781925208 9.973716831836652E-4 0.0037436543499773764 0.001491021701325391 0.0 0.0022532710767111785 1.9309478415088696E-4 8.987028147609772E-4 0.003163737316902457 0.0028649934025058253 6.83975352562013E-4 0.0 0.0038258790201877264 0.0017935206020687651 0.0010493500171347972 4.286831779092234E-4 0.005682020109976468 5.746659908569592E-4 8.847956085188053E-4 9.94470769483197E-4 7.043433487588764E-4 0.0015032563317414294 0.0 0.002385861125349231 5.932851571668251E-4 0.0029680322719879563 0.001889562559482849 2.5143174876100983E-4	
0.22724797945870745 0.0017439349850946117 0.0020063950258642636 0.0 0.004719650348581025 0.001520163898187034 0.0 0.0018815761985475745 1.7957600693536393E-4 0.001161809471807772 0.0033629090692983464 0.0032280069306406117 5.655040440606984E-4 0.0 0.0069827720449189105 2.8310443363770534E-4 0.0018183981739922374 4.8713958291954937E-4 0.0036835959142273375 0.001372601279334816 7.605100052753887E-4 3.075420146265572E-5 7.300100645223216E-4 0.001578659596385583 0.0 0.004377261084076606 0.0 0.004102322271344227 0.0 0.0	
0.22422161839969254 0.0010350937536093355 0.0011649107226732007 6.552747785842027E-4 0.003121915145694168 0.0010311390639364151 2.2683851446734854E-5 0.0023416374719312603 5.957723448590048E-5 6.469612949104185E-4 0.0035429279971473885 0.0020003790278482047 4.8217941958311555E-4 3.968754795888298E-4 0.0048553061228410336 4.5797183864129616E-4 0.0019369926056570696 3.136470270054219E-4 0.005171927791424363 0.0016717688843034726 7.704897053223833E-4 8.112890530046804E-4 6.994722574155043E-4 7.260312757793007E-5 0.0014297981147665373 0.00263792325223411 4.909568388878485E-4 0.0018147252990610796 0.0014256357905263243 1.5592750845826143E-4	
0.2280188788857889 0.0016288571726038373 0.0016374861513643749 0.0 0.005208457537531666 0.0015623404067288615 0.0 0.00230166559686416 4.281850155687913E-4 9.317136119662791E-4 0.0012051152617603726 0.002901469567242408 5.482407637750142E-4 9.810951417036833E-4 0.005029234757220852 2.8678653207407954E-4 0.002852784071112157 4.970513293689693E-4 0.0027019614310368773 0.002278159437473901 0.0011192566167326787 9.537355043259401E-4 7.313401627177423E-4 0.0013476123243369579 0.0 0.0036185596739413068 0.0 0.003399009710264799 0.0016004075007689119 0.0	
0.2289581527432813 0.0012094640367442022 0.0018096889657364184 0.0 0.004120609719702594 0.0012249234062612405 0.0 0.002058359760680092 2.1843683131656736E-4 9.317136119662791E-4 0.0035661195765382707 0.0025882791038631444 4.2412803304552385E-4 4.2367104709511375E-5 0.0072977630148407515 2.2949230170044894E-4 0.0028842960186111644 4.124826262505704E-4 0.004903200381807713 0.0016670853777365447 7.457563356901075E-4 2.4237962636595867E-4 7.817202857271928E-4 0.0015878239805346894 8.315744103597829E-5 0.004180030500765678 0.0 0.003573101088319667 3.068963663222725E-4 0.0	
0.23034834098303072 8.514658488492572E-4 4.217046035216337E-5 0.0 0.002178289975059966 7.024422220740035E-4 0.0 0.002046846974701832 7.580548909922573E-4 1.2269563487454657E-4 0.0031910266547438408 2.2303225468637595E-4 7.881020007426153E-5 0.0028742699181570517 0.002783612886237475 0.0 1.4579415719067056E-4 1.2601803693321325E-4 0.005609146639473525 0.0016083508278396431 2.706945351849975E-4 0.002771719891503011 1.373442278020924E-5 4.116566921357302E-4 0.003049067445483311 0.0022390780607281797 9.495269908900581E-4 0.0 0.005971582874870589 2.494257935529999E-4	
0.23034834098303072 8.514658488492572E-4 4.217046035216337E-5 0.0 0.002178289975059966 7.024422220740035E-4 0.0 0.002046846974701832 7.580548909922573E-4 1.2269563487454657E-4 0.0031910266547438408 2.2303225468637595E-4 7.881020007426153E-5 0.0028742699181570517 0.002783612886237475 0.0 1.4579415719067056E-4 1.2601803693321325E-4 0.005609146639473525 0.0016083508278396431 2.706945351849975E-4 0.002771719891503011 1.373442278020924E-5 4.116566921357302E-4 0.003049067445483311 0.0022390780607281797 9.495269908900581E-4 0.0 0.005971582874870589 2.494257935529999E-4	
0.23267992584089828 7.360480419594047E-4 4.549876129936288E-4 2.694950529099095E-4 0.0018731881043731117 4.464162087584677E-4 1.5258189937602108E-4 0.0015136388094407521 4.5852196686715213E-4 0.0 0.0037349732455354396 0.0 1.8405908644123674E-4 0.0021457810704819157 0.004537203552592704 0.0 1.773734250936174E-4 1.691374062367978E-4 0.007552765769418357 5.017940832323133E-4 9.198339660181098E-5 0.0016840266838780975 1.9096874935826166E-4 7.866037413617531E-4 0.0024233767623391537 0.0025970194598102033 0.0013803371953021583 5.165699543450495E-4 0.00438394005627254 2.808489956224587E-4	
0.23080137812591348 0.0015748343136786748 1.1058198424954157E-4 0.0 0.004048883740031256 0.0011212502096937097 0.0 0.0020002504818088887 8.780183353716E-4 0.0 0.002974006938731272 6.263809267585266E-4 4.322845479002175E-4 0.004023237144470259 1.4703735290444442E-7 1.145884607472612E-4 1.1434953009560296E-4 3.382748124735956E-4 0.0031502878678766853 0.0017239422027070252 8.389839586869536E-4 0.0031067384397980603 9.020850333936055E-5 3.0618042896629014E-4 0.0019373949627939772 0.0014740778061614604 6.595663589932556E-4 1.6838719823531313E-4 0.006970962325165819 1.6331611752516993E-4	
0.23329370695360643 8.078999990856781E-4 8.892516163529928E-5 3.083557781318815E-4 0.001792182254372021 4.686386911651823E-4 7.629094968801054E-5 0.002144696318203549 4.451258779178767E-4 1.2269563487454657E-4 0.0037928697114672995 2.2547013896092975E-6 2.953942098172299E-4 0.0021495941099057714 0.0035819740087374725 2.7131917109654157E-4 1.3296274841627343E-4 1.691374062367978E-4 0.007748875999695519 0.001361959243816682 1.0020570073857382E-4 0.002048057316904367 9.548437467913083E-5 6.984677237274689E-4 0.002686214154671111 0.0024008514921676338 0.0013374734177817936 5.295436634531467E-4 0.0051478051308542945 2.7068616129701683E-4	
0.23481356235208006 0.0023264888858707863 0.0 8.654031215986825E-4 0.004004171540622639 0.0013284771488113094 1.5301636376156372E-4 0.002682560841180459 6.716566777272867E-4 0.0 0.003416726745374022 8.1120674692352E-4 4.322845479002175E-4 0.0044513416019560425 0.0 8.036192182335291E-4 2.566281754879426E-5 1.1479605906828121E-4 0.0030272686867790013 0.002453307154135815 0.0012450068518792489 0.003082125046520736 1.5294816111830262E-4 3.9937917975430476E-4 7.257065816244003E-4 6.746830153916255E-4 7.146883764678239E-4 8.947194606466282E-4 0.007910429106026509 8.830397491591503E-5	
0.23267992584089828 7.360480419594047E-4 4.549876129936288E-4 2.694950529099095E-4 0.0018731881043731117 4.464162087584677E-4 1.5258189937602108E-4 0.0015136388094407521 4.5852196686715213E-4 0.0 0.0037349732455354396 0.0 1.8405908644123674E-4 0.0021457810704819157 0.004537203552592704 0.0 1.773734250936174E-4 1.691374062367978E-4 0.007552765769418357 5.017940832323133E-4 9.198339660181098E-5 0.0016840266838780975 1.9096874935826166E-4 7.866037413617531E-4 0.0024233767623391537 0.0025970194598102033 0.0013803371953021583 5.165699543450495E-4 0.00438394005627254 2.808489956224587E-4	
0.24070429429323148 0.002239357186343628 9.350940256627182E-5 0.0020003012961072745 0.0017837637055558768 8.608700869936672E-4 4.586146268991485E-4 0.002878259528183893 4.5798651578525534E-5 0.0 0.00462041285882094 3.6965164032998665E-4 8.654525673861543E-4 0.0030019899854534814 0.0015967222449999954 0.0013780615149725358 0.0 2.0103479767545032E-4 0.007306727407222989 0.0019605239860898925 9.040291829864016E-4 0.0016347998973234483 3.164480649161458E-4 9.730012429377823E-4 0.0 9.982298782705336E-4 0.001490581230251295 0.0019692344791676798 0.00626287361799392 1.3082471040394892E-4	
0.24070429429323148 0.002239357186343628 9.350940256627182E-5 0.0020003012961072745 0.0017837637055558768 8.608700869936672E-4 4.586146268991485E-4 0.002878259528183893 4.5798651578525534E-5 0.0 0.00462041285882094 3.6965164032998665E-4 8.654525673861543E-4 0.0030019899854534814 0.0015967222449999954 0.0013780615149725358 0.0 2.0103479767545032E-4 0.007306727407222989 0.0019605239860898925 9.040291829864016E-4 0.0016347998973234483 3.164480649161458E-4 9.730012429377823E-4 0.0 9.982298782705336E-4 0.001490581230251295 0.0019692344791676798 0.00626287361799392 1.3082471040394892E-4	
0.24164356815072388 0.001819964050483993 2.6571221693831544E-4 0.0012343219756234696 6.959158877268045E-4 5.234530865260462E-4 5.349055765871591E-4 0.002634953691999825 0.0 0.0 0.005000896012223023 5.6461176950723334E-5 7.413398366566639E-4 0.0020632619484593096 0.003865250502619895 0.0013207672845989052 5.705607635519429E-6 1.1646609455705142E-4 0.009507966357993825 0.0013494499263525365 5.305289019438303E-4 9.234440193634669E-4 3.6682818792559634E-4 0.0012132128991355138 2.4299089977258825E-4 0.001559700705094905 0.0018509666484057463 0.005322631269412462 0.004969362483547281 2.1718823254289363E-5	
0.24164356815072388 0.001819964050483993 2.6571221693831544E-4 0.0012343219756234696 6.959158877268045E-4 5.234530865260462E-4 5.349055765871591E-4 0.002634953691999825 0.0 0.0 0.005000896012223023 5.6461176950723334E-5 7.413398366566639E-4 0.0020632619484593096 0.003865250502619895 0.0013207672845989052 5.705607635519429E-6 1.1646609455705142E-4 0.009507966357993825 0.0013494499263525365 5.305289019438303E-4 9.234440193634669E-4 3.6682818792559634E-4 0.0012132128991355138 2.4299089977258825E-4 0.001559700705094905 0.0018509666484057463 0.005322631269412462 0.004969362483547281 2.1718823254289363E-5	
0.23793827448091137 0.001104235456855018 2.634200964728292E-4 3.883492166357732E-4 7.001251621348766E-4 4.491327080381486E-5 3.437437379815901E-4 0.0022681720870096527 1.9966361316967556E-4 2.050457234092855E-5 0.004587124438546203 0.0 4.5631065787220173E-4 0.0016370640106854546 0.0037852615432248816 1.946640596813227E-4 7.218698184365615E-5 1.0051739883772516E-4 0.00972904065423009 0.0010501675552159312 1.2535983816642268E-4 0.0011300727291539262 2.563463428070889E-4 0.0010759461395303573 0.0015860979771081438 0.0070575314844848035 0.0017744127421709956 0.004602785861555196 0.0019855480255215677 9.164954870082332E-5	
0.246571886809308 0.004398792805991444 0.0015057193107858467 7.77547145162231E-4 0.002910101478519076 9.206977419892856E-4 0.0 0.004197149718159529 0.0019516915460637955 0.0029154850133285004 0.004803936400300726 1.2957499223688286E-5 3.348135464677944E-4 0.006865227153572026 0.0 9.915508772235957E-4 0.0 0.00145352334864977 0.0 0.0036967620191362717 5.807376761394633E-4 0.0022599942888933437 7.474507920602179E-5 0.0010500056343377793 0.0 2.637570267620551E-4 1.7572907701216823E-5 4.775571371336541E-4 0.008878171208792213 3.135114141082719E-4	
0.246571886809308 0.004398792805991444 0.0015057193107858467 7.77547145162231E-4 0.002910101478519076 9.206977419892856E-4 0.0 0.004197149718159529 0.0019516915460637955 0.0029154850133285004 0.004803936400300726 1.2957499223688286E-5 3.348135464677944E-4 0.006865227153572026 0.0 9.915508772235957E-4 0.0 0.00145352334864977 0.0 0.004001037860109417 6.329288761715445E-4 0.0022599942888933437 7.474507920602179E-5 0.0010500056343377793 0.0 2.637570267620551E-4 1.7572907701216823E-5 4.775571371336541E-4 0.008878171208792213 3.135114141082719E-4	
0.26145761870112594 0.004969388859239619 0.0 0.0 0.0017493469566160175 6.585413642271252E-4 4.1896499383192406E-4 0.00131611054810097 1.6165210359691227E-4 1.0822805475184148E-4 0.0054235603056585 1.3704034385159914E-5 0.001788759222695434 0.006506724379476504 0.002857813792191308 9.15801936782195E-5 0.0011690945177552543 6.46811994275282E-4 0.001527478380199037 0.00416295507398718 6.485536502005906E-4 0.0 2.856405016726446E-5 9.905622688801898E-4 0.0012122152528191116 0.004035586494305167 7.821312756780144E-4 0.0040117850423014864 0.0054699396245327546 2.9470692715134888E-5	
0.25962799649056284 0.0010333219569871963 0.001401885321516272 6.029817766666176E-4 0.002910101478519076 0.0016189184636172674 0.0 0.005417654656893084 0.0021631330168419556 0.0029322897408459963 0.0035184573288830337 1.6383507819978263E-5 7.665955694858538E-4 0.009375474410613437 0.0 9.171138958024893E-4 2.561801385169855E-4 0.0017479514998078748 0.0 0.004955100739985873 2.498285390529842E-4 0.003531081011196653 0.0 5.120325645726006E-4 0.0 0.0 0.0 0.0 0.010741497942960341 3.4795292487099403E-4	
0.25962799649056284 0.0010333219569871963 0.001401885321516272 6.029817766666176E-4 0.002910101478519076 0.0016189184636172674 0.0 0.005417654656893084 0.0021631330168419556 0.0029322897408459963 0.0035184573288830337 1.6383507819978263E-5 7.665955694858538E-4 0.009375474410613437 0.0 9.171138958024893E-4 2.561801385169855E-4 0.0017479514998078748 0.0 0.004955100739985873 2.498285390529842E-4 0.003531081011196653 0.0 5.120325645726006E-4 0.0 0.0 0.0 0.0 0.010741497942960341 3.4795292487099403E-4	
0.26589840736597997 0.004810562231715855 1.6972666021747773E-4 6.56765202750543E-4 0.0036892872569662238 4.7690093279746784E-4 0.0 5.064365081167122E-4 0.0 4.478404448690028E-5 0.0 2.8536805234095257E-4 0.001963131701541913 0.008714967018628512 3.2708329541719894E-5 4.1459240823297225E-4 3.4469656229650685E-4 0.0 0.0012883047762986557 0.00497679779786883 0.0011039027904745369 0.0011778518840361704 3.7762905575530113E-4 0.0 0.0 0.0 5.942059130355883E-4 4.2777806331362905E-4 0.00907520564887359 0.0018924353829154052	
0.26383116728427225 0.004367112927436305 6.96901474170999E-5 4.90230995556828E-5 0.0024810907284261775 9.427236963435163E-4 8.765162384153705E-5 0.00216054582607265 1.6698078720892037E-4 8.117104106388111E-5 0.002078261743366548 1.0278025788869936E-5 0.001543890032844448 0.003527134859033842 2.946240867731192E-4 4.6066863503543364E-5 8.910739552390876E-5 4.063133642200767E-4 0.0012154250731808566 0.00427983836873422 7.910024979335254E-4 0.0017643598887835347 1.3418366679964904E-4 0.0013425810616579886 1.0024772899748608E-4 0.0011156493745881173 4.612784684856708E-4 2.915575127014952E-4 0.0068769812162195664 0.0024143777432914194	
0.26289768266573205 8.768478443271553E-4 0.0 0.0 5.598999669801398E-4 0.0015388155085698917 5.65806276468069E-4 0.0061432073446720725 7.853300094201803E-4 1.0612879277436162E-4 0.0033789099734956272 0.0 4.240644478855336E-4 0.0021943960906534834 6.027091359730751E-4 0.0 2.728620141858744E-4 0.0012897083947414976 0.0010010691874365466 0.002247452786090054 3.8323693809559406E-4 0.003085953112428593 0.0 0.0036546264657591515 0.0012037809086227083 0.006709430141527476 7.032016529868773E-5 6.121459472905118E-4 0.0011140953692596032 0.0	
0.26152284610009247 6.843836915952977E-4 4.181408845025994E-5 3.4732148764791825E-5 0.0 9.110188159673439E-4 0.0022300786194231754 0.00192724626220606 9.475282464654986E-5 1.1499230817383157E-4 0.0019111011137019455 1.4560536534232408E-5 0.0014573294795605456 0.009773053490780594 4.7851417476598443E-4 1.862279056755459E-5 6.551460609132573E-4 5.08115021813651E-4 0.001659121929041343 0.003868876386123117 8.389852287885469E-4 0.0024637709118399626 8.328170926747615E-5 0.0020660233379894907 7.747330627326206E-5 8.412450908040527E-4 3.2326653704689757E-4 9.398781770999738E-4 0.006227794239476725 3.3571538910111104E-5	
0.26289768266573205 8.768478443271553E-4 0.0 0.0 5.598999669801398E-4 0.0015388155085698917 5.65806276468069E-4 0.0061432073446720725 7.853300094201803E-4 1.0612879277436162E-4 0.0033789099734956272 0.0 4.240644478855336E-4 0.0021943960906534834 6.027091359730751E-4 0.0 2.728620141858744E-4 0.0012897083947414976 0.0010010691874365466 0.002247452786090054 3.8323693809559406E-4 0.003085953112428593 0.0 0.0036546264657591515 0.0012037809086227083 0.006709430141527476 7.032016529868773E-5 6.121459472905118E-4 0.0011140953692596032 0.0	
0.2649486855534946 0.002445760840198159 2.7876058966839958E-5 2.2907259444051342E-5 0.0020095021596153785 0.0012251454931148018 8.765162384153705E-5 0.0038971233130852814 4.884298222731186E-4 8.117104106388111E-5 0.0027975464979202455 1.0278025788869936E-5 9.651866598125821E-4 0.0036729736583836128 3.677801759857305E-4 4.6066863503543364E-5 2.477805707002247E-4 7.365671817897116E-4 0.0012043969410641285 0.00341529174857855 5.883600319649832E-4 0.0012106152767761337 7.098168847829773E-5 0.0021630228938308346 9.864620084615837E-4 0.004205152822811285 3.361380062600856E-4 7.524550123875228E-4 0.003469536051745418 3.747902452459782E-5	
0.26235516072506604 7.120601963547746E-4 0.0 1.3934597684542513E-5 5.54288587290347E-4 0.0012454518620932903 9.56309305253064E-4 0.004998604571290295 5.938003742941235E-4 9.469954790786129E-5 0.0011627269511507634 1.1991030087014925E-5 5.915355911718832E-4 0.00583073128284314 5.391442941227149E-4 5.374467408746726E-5 4.741960368559641E-4 0.001106282425903572 0.001310915622975805 0.002208846562814004 5.923353697514875E-4 0.004651655249337389 0.0 0.002983207143856634 4.346378003222493E-4 0.005008554637432384 0.0 3.776086829626209E-4 0.0026606017016648866 0.0	
0.2685922156533449 0.0012228804200990794 5.962270410442027E-5 2.985965179395625E-5 0.002153218742935558 0.0013022109175099667 4.382581192076853E-5 0.002917473025065433 4.566006260934921E-4 6.087828079791083E-5 0.0037657231882134716 7.708519341652451E-6 9.448808116712187E-4 0.004875373429119145 1.8389008799286525E-4 3.455014762765752E-5 2.2550372181924755E-4 3.682835908948558E-4 9.679728502962138E-4 0.004450944022166304 5.09170106106322E-4 0.0018748798501012542 2.8440209387988797E-4 0.0012933880715347906 0.0010478457198907021 0.004045250979166803 8.70812909779045E-4 8.0121816605402E-4 0.0023017670500937153 5.7386511241753686E-5	
0.26645716650059115 0.0038498861880967815 1.4881961599234777E-4 6.437072826947273E-4 0.0034534929725608243 6.181118311831106E-4 0.0 5.064365081167122E-4 0.0 4.478404448690028E-5 0.0 2.8536805234095257E-4 0.0016737800150259802 0.008787886418303399 6.928637414802555E-5 4.1459240823297225E-4 4.2403314988466483E-4 0.0 0.0012827907102402917 0.004544524487790995 0.0010025815574902658 9.009795780324699E-4 3.460280665946255E-4 0.0 0.0 0.0 5.316356819227957E-4 6.582268131566429E-4 0.007371483066636516 7.039860235319943E-4	
0.2722357457531952 0.0 9.136934924200058E-5 3.681204414386116E-5 0.0022969353262557377 0.0013792763419051314 0.0 0.0019378227370455848 4.2477142991386563E-4 4.0585520531940554E-5 0.004733899878506698 5.139012894434968E-6 9.245749635298551E-4 0.004875373429119145 0.0 2.3033431751771682E-5 2.0322687293827034E-4 0.0 7.315487595282991E-4 0.0054865962957540565 4.2998018024766066E-4 0.002539144423426375 4.978224992814782E-4 4.237532492387463E-4 0.0011092294313198203 0.003885349135522322 0.0014054878132980042 8.49981319720517E-4 0.0011339980484420132 7.729399795890955E-5	
0.2685922156533449 0.0012228804200990794 5.962270410442027E-5 2.985965179395625E-5 0.002153218742935558 0.0013022109175099667 4.382581192076853E-5 0.002917473025065433 4.566006260934921E-4 6.087828079791083E-5 0.0037657231882134716 7.708519341652451E-6 9.448808116712187E-4 0.004875373429119145 1.8389008799286525E-4 3.455014762765752E-5 2.2550372181924755E-4 3.682835908948558E-4 9.679728502962138E-4 0.004450944022166304 5.09170106106322E-4 0.0018748798501012542 2.8440209387988797E-4 0.0012933880715347906 0.0010478457198907021 0.004045250979166803 8.70812909779045E-4 8.0121816605402E-4 0.0023017670500937153 5.7386511241753686E-5	
0.2746072993678724 0.0 9.136934924200058E-5 0.0 0.0018150349194879089 0.0017435567693016639 0.0016198973159570196 0.004446857079657683 6.752063574386878E-4 1.8193498288490415E-5 0.0070375249435808696 0.0 7.741872660467768E-4 0.003149188665557941 0.0 0.0 0.0 4.5480863411910956E-4 4.8546678127319706E-4 0.0050548737970685965 1.5673469771593712E-4 0.0031485826097772973 5.225110484648975E-4 7.29064461947806E-4 0.0016828682026202165 0.005330646892892834 0.0019563691017066964 9.721071811307453E-4 0.0 0.0	
0.2722357457531952 0.0 9.136934924200058E-5 3.681204414386116E-5 0.0022969353262557377 0.0013792763419051314 0.0 0.0019378227370455848 4.2477142991386563E-4 4.0585520531940554E-5 0.004733899878506698 5.139012894434968E-6 9.245749635298551E-4 0.004875373429119145 0.0 2.3033431751771682E-5 2.0322687293827034E-4 0.0 7.315487595282991E-4 0.0054865962957540565 4.2998018024766066E-4 0.002539144423426375 4.978224992814782E-4 4.237532492387463E-4 0.0011092294313198203 0.003885349135522322 0.0014054878132980042 8.49981319720517E-4 0.0011339980484420132 7.729399795890955E-5	
0.271459141735758 3.87730724154322E-4 7.898053404406542E-5 2.390594448653476E-5 0.002441502950832809 8.683056525207667E-4 0.0016198973159570196 0.004627834579267077 4.818452487656996E-4 1.0146380132985139E-5 0.004638912567237932 9.824452154191792E-8 0.0012608972059273314 0.0052204810256655295 1.3233367568543826E-5 5.7583579379429205E-6 5.0806718234567586E-5 6.822129511786643E-4 7.758572551796405E-4 0.004402241860832594 4.495629893820292E-4 0.0022246780689073303 2.1640718346167375E-4 1.891570584828799E-4 0.0011377655147805494 0.003139283919936348 0.0015764206473796358 8.893542319129539E-4 0.0020489531069436493 1.1817947197517468E-4	
0.2717180097415704 0.0012435181655539025 8.31101391100438E-5 5.325202691477759E-6 0.002393313742640452 3.899386190653576E-4 0.0 0.003731163965193246 4.6282064248175494E-4 2.0292760265970277E-5 0.004670575004327521 2.569506447217484E-6 0.0011487897917948392 0.005105445160150068 8.822245045695884E-6 1.1516715875885841E-5 1.0161343646913517E-4 4.5480863411910956E-4 7.610877566291934E-4 0.005123404231245114 4.430353863372397E-4 0.002329500187080345 4.4661383212147107E-4 5.171878373284328E-4 0.0011282534869603063 0.003387972325131673 0.0015194430360190919 8.762299278488083E-4 5.918641433666047E-4 1.0039825405951188E-4	
0.2712002737299456 0.002487036331107805 7.485092897808703E-5 4.248668628159176E-5 0.0024896921590251667 0.0013466726859761757 0.0 0.005524505193340907 5.008698550496443E-4 0.0 0.004607250130148343 0.0 0.0013730046200598235 0.00533551689118099 1.7644490091391768E-5 0.0 0.0 9.096172682382191E-4 7.906267537300876E-4 0.0047602121667361715 4.560905924268187E-4 0.002119855950734315 3.954051649614639E-4 6.106224254181195E-4 0.0011472775426007924 0.0028905955147410234 0.0016333982587401798 9.024785359770996E-4 0.0035060420705206935 1.3596068989083748E-4	
0.271459141735758 3.87730724154322E-4 7.898053404406542E-5 2.390594448653476E-5 0.002441502950832809 8.683056525207667E-4 0.0016198973159570196 0.004627834579267077 4.818452487656996E-4 1.0146380132985139E-5 0.004638912567237932 9.824452154191792E-8 0.0012608972059273314 0.0052204810256655295 1.3233367568543826E-5 5.7583579379429205E-6 5.0806718234567586E-5 6.822129511786643E-4 7.758572551796405E-4 0.004402241860832594 4.495629893820292E-4 0.0022246780689073303 2.1640718346167375E-4 1.891570584828799E-4 0.0011377655147805494 0.003139283919936348 0.0015764206473796358 8.893542319129539E-4 0.0020489531069436493 1.1817947197517468E-4	
0.2717180097415704 0.0012435181655539025 8.31101391100438E-5 5.325202691477759E-6 0.002393313742640452 3.899386190653576E-4 0.0 0.003731163965193246 4.6282064248175494E-4 2.0292760265970277E-5 0.004670575004327521 2.569506447217484E-6 0.0011487897917948392 0.005105445160150068 8.822245045695884E-6 1.1516715875885841E-5 1.0161343646913517E-4 4.5480863411910956E-4 7.610877566291934E-4 0.005123404231245114 4.430353863372397E-4 0.002329500187080345 4.4661383212147107E-4 5.171878373284328E-4 0.0011282534869603063 0.003387972325131673 0.0015194430360190919 8.762299278488083E-4 5.918641433666047E-4 1.0039825405951188E-4	
0.2655840416177726 0.003617131625244426 1.303828781836558E-4 0.0011836937241403583 0.0022735392283994003 5.125120020416455E-4 1.8497894987184636E-4 1.2230554944022472E-4 0.0 7.603958212982036E-5 1.6279953944471105E-4 5.690231003837602E-4 0.0010518455176078412 0.0072836649163018526 2.848849267212737E-4 8.215070058820206E-4 7.803240087899062E-4 0.0 0.0022265219269039715 0.0031227400214698963 0.0011074836127885068 0.0010887715409549866 3.92866573003905E-4 4.198165004039409E-4 0.0 0.0 2.0082857025678885E-4 5.667609674634819E-4 0.0031601657990936345 0.0048994476891128505	
